           1    M        1869        1870
           2    R        1869        2012
           3    R        1869        2698
           4    M        1870        1881
           5    R        1870        2519
          10    M        1873        1884
          12    M        1875        1876
          13    M        1875        1886
          14    R        1875        2815
          15    R        1877        2496
          16    R        1877        2497
          17    M        1879        1890
          19    M        1881        1892
          21    M        1883        1884
          22    M        1883        1894
          23    M        1884        1885
          24    M        1884        1895
          26    M        1885        1886
          28    M        1888        1889
          31    M        1891        1892
          32    M        1891        1902
          33    M        1892        1893
          34    R        1892        2386
          36    M        1893        1904
          37    M        1895        1906
          39    R        1901        3190
          43    M        1906        1907
          44    M        1907        1918
          45    M        1908        1919
          46    R        1908        2550
          47    M        1909        1920
          48    R        1909        2507
          49    R        1909        2549
          51    R        1913        2343
          52    R        1914        2389
          53    R        1914        2691
          54    M        1915        1926
          55    R        1917        2733
          56    M        1918        1919
          57    M        1919        1920
          58    R        1919        2507
          59    R        1919        2550
          60    R        1919        2756
          61    M        1920        1921
          62    R        1920        2507
          65    M        1921        1922
          66    R        1921        2376
          67    M        1922        1933
          68    M        1926        1937
          70    M        1933        1934
          71    M        1933        1944
          73    M        1934        1945
          74    R        1934        3177
          75    M        1935        1936
          76    M        1935        1946
          77    M        1936        1937
          78    M        1936        1947
          79    R        1940        2308
          82    M        1942        1953
          83    M        1944        1945
          84    M        1944        1955
          90    M        1946        1947
          91    M        1946        1957
          93    M        1947        1958
          94    R        1947        2669
          95    M        1951        1952
          97    M        1952        1953
          98    M        1952        1963
         100    M        1953        1954
         101    M        1954        1955
         102    M        1954        1965
         103    M        1955        1956
         104    R        1955        2423
         105    M        1956        1967
         106    R        1956        2423
         107    R        1957        2409
         108    R        1957        2477
         109    R        1958        2897
         112    M        1959        1960
         113    M        1959        1970
         114    M        1960        1961
         115    R        1960        2421
         116    R        1960        2466
         122    M        1961        1962
         123    M        1961        1972
         126    M        1962        1963
         127    M        1962        1973
         130    M        1963        1964
         131    M        1963        1974
         132    M        1964        1965
         133    R        1968        2477
         135    M        1969        1970
         136    R        1969        2250
         139    M        1972        1973
         146    M        1973        1974
         147    M        1973        1984
         151    M        1974        1985
         152    M        1977        1988
         153    R        1977        2667
         155    M        1981        1982
         156    M        1982        1983
         157    R        1982        2049
         158    M        1983        1984
         159    R        1983        2049
         161    M        1984        1985
         162    M        1985        1986
         163    M        1988        1989
         164    R        1989        2091
